-4.803837
0.364460
-0.315152
2.044785
1.170745
-1.964687
5.387362
-0.164783
-0.180592
-0.430286
1.364470
-1.520621
-3.547608
1.385131
-4.574223
-24.557785
4.732934
-0.837301
-1.872443
-7.119049
-7.929996
0.538510
1.354740
1.050558
1.716658
-28.454047
-0.460002
-0.722935
28.484627
-1.785748
-112.250165
13.129943
2.926425
-0.310391
2.623729
-7.963370
-22.611628
1.359866
-0.426193
-18.381103
-6.370180
-1.046400
-6.341603
0.624177
8.593577
-0.804762
0.267248
2.850838
2.000967
-1.449903
17.072194
16.017094
-7.804436
2.228543
0.061276
2.759884
1.412324
5.835661
-1.684083
0.678146
3.738776
-0.867913
1.471567
0.279059
-8.393557
5.192593
18.434926
-7.482997
1.694118
-47.144223
-3.888492
15.169907
2.536760
8.185431
-13.266774
-0.046928
-16.258283
10.770380
-0.721621
-0.326792
7.283599
0.889104
-1.740514
14.042366
-0.321508
0.361206
-6.399322
0.511126
-16.061299
-0.368641
8.995065
-1.913340
-0.951066
-0.159922
1.225556
-13.617013
-37.427161
-8.767647
-3.786967
24.268370
5.500901
-4.020681
0.248423
1.011643
18.454485
-17.761921
1.374018
-1.393550
8.202599
0.343976
0.840498
2.656471
3.502925
1.845015
-0.428857
10.189307
-2.608381
-5.273340
-0.831934
-3.824096
14.454463
-3.058362
1.528937
0.697106
-23.719064
6.029657
-1.867304
5.530550
2.642272
-4.916306
25.727275
-3.931272
-2.009624
-2.331772
5.417829
98.567177
-0.603596
1.761941
-3.877967
-28.413557
1.716686
-28.253420
5.646221
-1.417518
-6.778980
-1.567314
0.727508
-0.495975
3.763650
-17.647115
19.186754
19.935874
4.086402
1.198748
2.191887
4.554328
9.353299
-45.816442
-8.000350
1.606350
4.798709
6.180679
20.969632
-3.066813
-9.531455
7.240778
0.904320
-5.238427
1.108915
-3.944901
1.850251
-1.787538
2.386564
-4.645743
1.772774
-1.576199
0.016828
7.124497
-20.275721
1.571549
25.961936
18.742330
-4.028365
-1.034094
-5.594308
-12.394551
-1.083551
1.479310
-16.030706
2.227486
-27.604306
-0.550097
2.701890
-21.205787
-1.278215
15.092219
-1.266419
1.266667
21.010425
-4.701235
-7.685834
13.327180
0.709652
-2.668444
9.200310
9.475500
-0.814034
-1.536220
2.350703
-0.760149
-5.172011
3.270192
-5.973674
-10.234316
1.642768
0.375862
4.823677
-0.353523
-3.942775
-8.838341
41.258038
-1.567385
0.994434
0.137435
-0.673806
0.535866
25.565738
-19.931994
48.051299
30.419565
6.568956
-6.139144
-14.454315
13.626599
0.113302
8.265785
0.054850
-21.385924
-2.230116
-0.408557
22.474510
-0.576429
0.375137
-5.676451
-23.655577
13.033663
-0.796559
-2.413238
-1.633058
22.308514
-1.029797
4.604289
-5.394648
-21.365638
16.838164
-21.271236
1.582137
-3.336215
-2.233148
-17.017268
2.600107
-0.900819
1.119254
2.238339
14.642372
0.161740
-4.828762
-8.740676
-8.903033
2.747122
0.252288
3.145226
25.184563
-1.192698
-0.142234
-6.633720
2.517867
-1.543599
2.546916
2.084550
-2.175890
-0.920684
4.274992
33.453886
-0.121818
0.298761
4.365699
24.593668
-4.287233
-11.933888
1.334509
-1.848078
2.226464
-4.816950
-4.635854
0.251607
4.877872
-0.824746
-13.144725
8.158005
-0.477018
4.645094
0.390149
-0.048405
1.411316
