-0.458876
-0.398864
0.013770
9.235170
9.021298
-0.333616
1.657942
-0.022218
-0.173162
1.676383
-2.506387
-0.336304
-2.785120
0.836644
-5.807309
-8.607823
-10.091309
-0.089533
-1.089226
-2.617991
-19.852642
-17.339618
6.256141
-1.303082
3.506451
-1.708282
-0.226050
1.283802
49.495508
-0.424005
-17.116236
8.097838
3.000831
-0.853175
-7.085053
21.472760
-9.742315
0.209283
-0.972231
15.163727
3.556535
0.561780
-19.160933
-1.147790
12.718327
-3.437004
0.846039
10.094300
1.571860
-3.127405
-1.539113
-17.068290
-16.667625
17.725744
-1.528962
1.788228
4.445398
6.425143
-2.326326
-12.742007
10.451307
-4.876494
2.265324
0.707601
-17.612846
7.504650
4.911126
-4.048304
1.772903
-40.109874
15.434631
13.155828
0.481223
21.312910
-7.860668
1.394845
-37.410088
15.206994
-0.926088
3.024800
10.125386
-0.811695
3.211611
2.782801
-1.935091
-0.756801
-2.960171
3.196745
-6.038305
-109.086976
-1.311365
-2.683518
-1.647481
0.023331
-1.361060
-13.497575
17.529591
-17.588600
-5.852043
-15.716008
0.354573
0.748211
-0.088349
3.193124
-16.836469
-4.010222
0.538030
13.176649
10.618250
0.196645
9.435831
4.916724
-26.575806
3.020633
3.446628
-0.605317
-2.993936
-5.087171
-1.534527
2.050675
-33.722284
-3.702005
3.037401
0.092706
-15.636993
3.230634
4.649152
3.665225
9.025892
-8.995637
-19.415529
-7.739702
1.358934
-5.387830
8.517203
12.497062
1.148988
5.117824
-7.964312
26.818583
1.301619
4.590257
13.301713
0.303234
-0.068270
-1.385095
2.194770
-0.393625
-11.650517
-18.895439
29.161800
37.240415
8.888562
-5.901503
2.555657
45.511258
5.831035
-0.344709
-6.500871
1.068283
4.956691
-19.012256
-54.517344
-3.752017
-14.514832
25.618437
2.046920
-18.938054
1.022461
-0.452591
95.529631
3.368740
3.255251
0.523617
1.809533
-1.515156
-2.792514
11.185959
9.071341
0.451490
-4.655865
-90.501337
25.653064
-7.518699
4.619767
-13.125754
-1.320044
1.537198
4.721026
8.280017
-35.132718
-2.583285
-1.540861
32.897240
-1.364614
-1.574221
-5.359029
-5.464268
26.247524
-13.179780
-8.687244
26.011587
-4.240541
-5.449933
10.075890
32.566960
5.022064
-10.478057
2.909373
16.619508
-4.930622
-1.237408
-8.512308
-19.824679
11.818262
1.153608
1.460334
-2.278066
-8.426661
-16.257932
5.461648
-4.790072
1.027474
-0.706105
0.245296
2.655886
5.990463
6.527688
14.286712
13.573635
-11.573674
-5.856212
-16.156245
115.208147
-2.471974
-37.153364
0.644734
20.986126
-7.679634
-2.425543
3.516657
1.677108
7.935014
-3.154941
-15.069877
14.106291
15.305874
-1.469781
0.872633
-15.192304
12.753151
4.731063
4.835593
13.674015
2.114076
-23.987404
8.410710
-0.369528
0.073893
-32.227275
0.640532
-8.864047
4.870074
7.222214
2.080149
-2.610611
-25.904596
-8.421921
-18.870149
5.687933
-0.171184
7.741619
59.311834
-2.060590
-2.933347
-40.752011
0.527440
-15.191915
-3.965246
8.443004
1.962546
-0.957885
11.463027
6.794262
1.147018
1.216249
11.291172
19.483931
-5.764681
-17.412696
7.750329
-1.812401
-2.048221
-25.316015
8.228840
-0.072454
11.524274
-4.093163
27.914365
-13.448083
-0.108148
5.411887
1.203557
-0.207440
1.429428
